60	2026-09-07	Scale AI	Technical Program Manager, Platform	Descartado	2.6/5	❌	[060](reports/060-scale-ai-tpm-platform-2026-09-07.md)	REJECTED; DO NOT APPLY — hard SWE-to-PM transition requirement; AI inference engine expertise absent; wrong skill family
